1
7
761
2
202
257
491
968
337
849
596
219
828
630
642
595
38
358
51
164
965
975
960
405
551
772
522
723
368
861
777
889
239
941
26
302
206
540
768
53
865
151
663
382
518
914
623
291
756
827
120
724
80
746
21
973
900
818
771
674
790
366
557
71
203
648
154
1000
912
378
522
390
370
364
853
966
776
118
709
208
138
859
77
568
786
871
654
412
832
798
472
136
830
98
961
430
466
520
948
740
443
182
636
529
865
561
553
91
316
436
582
301
527
658
689
872
2
392
661
398
198
378
195
707
921
608
995
833
384
740
83
190
994
520
408
416
275
466
979
676
535
58
167
139
794
737
522
778
211
73
441
577
763
584
290
756
200
790
129
622
377
290
16
231
876
812
977
113
502
435
135
943
621
431
130
190
473
467
956
457
623
234
545
419
399
912
971
44
742
273
913
22
188
627
124
151
801
292
9
768